0
1
10
1002
1003
1004
1007
1008
1009
101
1010
1011
1013
1014
1016
1017
1018
102
1022
1023
1025
1027
1028
1029
103
1030
1032
1033
1034
1035
1036
1037
1038
1039
1040
1041
1042
1043
1044
1046
1048
105
1051
1053
1054
1056
1058
1060
1061
1062
1063
1064
1065
1066
1067
1068
1069
107
1070
1071
1072
1074
1075
1076
1077
1079
108
1082
1083
1084
1085
1086
1089
109
1090
1091
1093
1094
1095
1096
1097
1098
1099
11
110
1100
1102
1103
1104
1105
1106
1107
1108
1109
111
1110
1111
1112
1113
1114
1116
1117
1119
112
1120
1122
1123
1125
1126
1128
1130
1131
1133
1134
1135
1137
1140
1141
1146
1147
1148
115
1150
1152
1153
1154
1155
1156
1157
1158
1159
116
1160
1161
1162
1166
1167
1168
1169
117
1172
1173
1174
1175
1176
1178
1179
118
1182
1183
1184
1186
1187
1188
119
1192
1193
1195
1196
1197
1198
120
1200
1202
1203
1204
1206
1207
1208
1210
1212
1214
1215
1216
1217
1218
1219
122
1220
1222
1223
1224
1225
1226
1227
1228
1230
1231
1232
1233
1235
1237
1239
124
1241
1242
1243
1244
1246
1247
1248
125
1250
1251
1252
1253
1254
1255
1259
126
1261
1262
1264
1266
1268
1271
1272
1273
1275
1276
1278
128
1281
1282
1283
1286
1288
129
1290
1291
1292
1293
1294
1296
130
1300
1301
1302
1303
1304
1305
1309
1310
1311
1312
1313
1314
1315
1317
1318
1319
1321
1323
1324
1325
1327
1329
133
1330
1333
1334
1336
1337
1338
1339
134
1341
1342
1343
1344
1345
1346
1347
1348
1349
1350
1351
1353
1354
1357
1359
136
1360
1362
1363
1364
1367
1368
1369
137
1374
1375
1378
1379
138
1380
1381
1382
1383
1385
1386
1387
1388
1389
139
1390
1391
1392
1393
1395
1396
1397
1398
1399
14
140
1400
1401
1402
1403
1404
1405
1406
1407
1408
141
1411
1412
1413
1415
1416
1417
1418
1419
142
1420
1422
1423
1424
1425
1426
1428
1429
143
1430
1434
1436
1437
1439
144
1441
1442
1443
1444
1445
1447
1449
145
1450
1451
1453
1454
1457
1459
1460
1461
1462
1463
1464
1465
1468
1469
147
1471
1472
1474
1476
1477
1478
1479
148
1480
1481
1482
1483
1484
1485
1486
1487
1488
149
1490
1491
1492
1493
1495
1497
1498
15
150
1502
1503
1506
1507
151
1510
1512
1513
1514
1517
1518
1519
152
1521
1522
1524
1525
1526
1527
1528
153
1530
1531
1532
1533
1534
1536
1537
1538
154
1541
1542
1543
1544
1546
1547
1548
1549
1551
1552
1553
1554
1555
1557
1558
156
1560
1561
1563
1564
1565
1566
1567
1568
1570
1572
1573
1574
1575
1576
1577
1579
158
1580
1584
1585
1586
1587
1588
1589
159
1591
1592
1594
1595
1596
1597
1599
160
1600
1601
1602
1603
1605
1606
1607
1609
161
1612
1614
1616
1617
1618
162
1620
1621
1623
1625
1626
1627
1628
1629
163
1630
1634
1635
1638
164
1640
1644
1645
1646
1647
1648
1649
1650
1651
1652
1653
1656
1657
1658
1659
166
1660
1661
1662
1664
1665
1667
1668
1669
1670
1671
1673
1674
1676
1677
1678
1679
168
1681
1682
1683
1684
1685
1686
1687
1688
1689
1690
1691
1692
1694
1696
1697
1698
1699
17
170
1700
1702
1704
1705
1706
1707
1708
1709
171
1710
1712
1713
1714
172
1720
1721
1722
1724
1725
1726
1727
1728
173
1730
1731
1732
1733
1735
1736
1737
174
1740
1741
1742
1743
1744
1746
1747
1749
175
1750
1754
1757
1758
176
1760
1764
1766
1767
1768
1770
1771
1773
1774
1776
1777
1778
1779
1780
1781
1785
1786
1788
1789
179
1790
1791
1793
1794
1795
1796
1797
1798
1799
18
1800
1801
1803
1804
1805
1806
1807
1808
181
1810
1811
1812
1813
1816
1817
1818
1819
1822
1823
1824
1826
1827
1829
183
1830
1831
1832
1833
1834
1835
1837
1839
184
1840
1841
1842
1848
1849
1850
1851
1852
1853
1854
1855
1856
1858
1859
186
1860
1861
1863
1864
1865
1866
187
1871
1872
1873
1874
1875
1876
1878
1879
1880
1882
1883
1884
1886
1887
1888
1890
1891
1894
1895
1896
1898
1899
19
190
1901
1904
1905
1908
191
1913
1915
1916
1918
1920
1921
1922
1923
1924
1925
1926
1927
1929
193
1930
1933
1934
1936
1937
1938
194
1940
1942
1943
1944
1947
1952
1953
1954
1955
196
1960
1961
1962
1963
1964
1966
1967
1968
1969
197
1970
1973
1974
1975
1976
1978
1979
1980
1981
1982
1983
1984
1985
1986
1990
1992
1993
1995
1996
1999
20
2000
2001
2002
2003
2004
2005
2006
2007
2008
2009
201
2011
2013
2015
2017
2018
2019
202
2021
2022
2023
2024
2025
2026
2027
2028
2029
2030
2031
2032
2033
2035
2036
2037
2038
2039
204
2041
2042
2043
2045
2046
2047
2048
205
2050
2051
2052
2053
2054
2057
2059
206
2062
2064
2065
2067
2068
2069
207
2070
2071
2072
2073
2076
2078
2079
2080
2081
2082
2083
2085
2086
2087
2088
2089
209
2090
2093
2094
2096
2098
2099
21
2102
2103
2104
2105
2106
2108
2109
2110
2111
2112
2113
2114
2115
2116
2118
212
2120
2123
2127
2128
2129
2131
2133
2134
2135
2136
2137
2138
2139
214
2140
2142
2145
2146
2148
2151
2153
2154
2155
2156
2158
216
2161
2163
2167
2168
2169
217
2170
2171
2172
2173
2175
2176
2178
2179
2180
2183
2184
2186
2188
219
2190
2193
2194
2196
2197
2198
2199
22
220
2201
2202
2203
2204
2205
2206
2208
2209
221
2210
2212
2213
2214
2216
2217
2218
222
2221
2222
2226
2229
223
2230
2231
2232
2233
2234
2235
2236
2238
2239
224
2242
2243
2244
2246
2247
2248
2249
225
2251
2252
2255
2256
2257
2259
226
2260
2261
2262
2264
2266
2267
2268
227
2270
2272
2273
2274
2278
228
2280
2282
2285
2288
2289
229
2290
2291
2292
2293
2294
2295
2296
2297
2298
23
2300
2301
2306
2307
2308
2309
2310
2311
2312
2314
2315
2317
2318
2319
232
2320
2321
2325
2326
2327
2328
233
2331
2333
2334
2336
2337
2338
2341
2342
2344
2345
2346
2347
2349
2350
2351
2352
2353
2354
2357
2358
2360
2361
2362
2363
2366
2367
2368
237
2370
2372
2376
2377
2379
238
2380
2381
2382
2384
2385
2386
2387
2388
2389
239
2390
2391
2392
2393
2394
2397
2398
2399
24
240
2400
2401
2403
2404
2405
2406
2407
2408
2409
241
2411
2412
2413
2414
2416
2418
2419
242
2420
2421
2423
2425
2429
243
2430
2431
2433
2436
2437
2438
2439
2440
2441
2442
2443
2444
2445
2446
2448
2449
245
2450
2452
2453
2455
2457
2458
2459
246
2460
2461
2462
2463
2465
2467
2468
2470
2471
2473
2474
2475
2476
2477
2478
2479
2481
2482
2485
2486
2487
2488
2489
249
2490
2491
2492
2493
2494
2495
2496
2499
25
250
2500
2501
2502
2503
2504
2505
2506
2507
2508
251
2510
2511
2512
2515
2516
2518
2519
252
2520
2521
2522
2524
2525
2526
2528
2529
253
2531
2533
2534
2536
2537
2538
254
2540
2541
2542
2544
2545
2546
2547
2548
2549
255
2550
2551
2553
2554
2555
2556
2557
2558
2559
2561
2562
2563
2567
2568
2569
257
2571
2572
2573
2575
2576
2577
2578
258
2581
2583
2584
2586
2587
2588
2590
2591
2592
2593
2594
2595
2596
2598
2599
26
260
2602
2603
2605
2607
2609
2610
2611
2612
2613
2615
2616
2617
2618
2619
262
2623
2624
2625
2626
2627
2630
2631
2633
2635
2636
2637
2639
2640
2642
2643
2644
2645
2646
2647
2649
2650
2651
2652
2653
2654
2655
2659
266
2661
2662
2665
2667
2668
2669
2670
2673
2674
2677
2678
2679
268
2680
2681
2683
2684
2685
2686
2687
2688
2689
2690
2691
2692
2693
2695
2697
2699
27
2700
2701
2703
2704
2705
2707
2709
271
2710
2711
2713
2714
2715
2716
2717
2718
2719
272
2720
2721
2722
2723
2724
2725
2727
2729
273
2730
2732
2733
2734
2736
2737
2738
2739
2740
2741
2742
2743
2744
2746
2749
275
2750
2751
2753
2754
2756
2757
2759
276
2760
2761
2764
2765
2768
2769
277
2771
2772
2773
2774
2775
2776
2777
278
2781
2782
2783
2784
2787
2788
2789
2790
2791
2793
2796
2798
2799
28
2802
2803
2804
2806
2807
2809
281
2810
2811
2812
2813
2814
2815
2816
2817
2819
282
2821
2822
2823
2826
2827
2828
2829
2830
2832
2833
2834
2835
2836
2837
2838
284
2840
2843
2844
2845
2846
2847
285
2852
2853
2855
2856
2857
286
2861
2863
2865
2867
2868
2869
287
2871
2872
2874
2875
2877
2878
2879
288
2880
2882
2886
2887
2888
2889
289
2890
2891
2892
2894
2895
2896
2898
29
290
2902
2903
2904
2905
2906
2907
2908
2909
291
2910
2911
2912
2913
2916
2917
2918
2919
292
2920
2921
2922
2923
2924
2925
2926
2928
2929
293
2931
2932
2933
2934
2935
2936
2937
2938
294
2940
2941
2943
2945
2947
2949
2950
2953
2954
2955
2956
2957
2958
2959
296
2960
2961
2962
2963
2964
2966
2967
2968
2969
2971
2973
2974
2976
2977
2978
2979
298
2980
2981
2982
2983
2984
2985
2986
2988
299
2990
2991
2992
2993
2994
2996
2997
2998
2999
3
300
3001
3002
3003
3004
3005
3007
3008
3009
301
3010
3012
3013
3014
3015
3017
3019
302
3020
3021
3022
3023
3024
3025
3026
3028
3029
3031
3034
3035
3036
3039
304
3040
3041
3042
3044
3045
3046
3047
3048
3049
3050
3051
3052
3053
3054
3055
3057
3058
3059
3060
3061
3062
3063
3064
3065
3067
3068
3069
307
3070
3072
3073
3077
3079
308
3080
3081
3082
3083
3087
3088
3089
309
3090
3091
3093
3095
3096
31
310
3100
3102
3103
3104
3105
3107
3108
3109
311
3110
3111
3113
3114
3117
3119
312
3120
3121
3124
3125
3126
3129
313
3131
3132
3133
3134
3135
3136
3137
3140
3141
3142
3143
3144
3146
3148
315
3150
3151
3152
3154
3155
3156
3157
3158
3159
316
3160
3162
3163
3164
3165
3167
3168
3169
317
3170
3173
3175
3176
3177
3178
3179
3180
3181
3182
3183
3184
3186
3187
319
3190
3192
3194
3195
3196
3197
3198
3199
32
3200
3201
3202
3203
3204
3205
3206
3207
321
3210
3211
3212
3214
3215
3216
3217
3219
3220
3221
3225
3226
3228
3229
3231
3232
3233
3235
3236
3237
3238
3239
3241
3243
3246
3247
3249
325
3250
3251
3252
3253
3254
3255
3256
3258
3259
326
3261
3262
3263
3264
3267
3269
327
3274
3277
3278
3279
3280
3281
3283
3285
3286
3288
3290
3291
3292
3294
3296
3298
3299
33
3300
3301
3303
3304
3305
3306
3307
3308
3311
3313
3314
3316
3318
3323
3324
3326
3327
3329
333
3330
3331
3332
3333
3335
3336
3338
3339
3340
3341
3342
3343
3345
3346
335
3350
3351
3352
3355
3357
3358
3359
336
3360
3363
3366
3367
3368
3369
337
3370
3379
338
3380
3381
3382
3383
3384
3385
3386
3388
3389
339
3390
3391
3393
3396
3398
3399
34
340
3400
3401
3404
3405
3406
3407
3408
3409
341
3410
3411
3412
3413
3418
3419
342
3421
3422
3423
343
3430
3431
3432
3433
3434
3436
3437
3438
3439
3440
3441
3442
3443
3444
3449
345
3450
3452
3453
3455
3456
3457
3458
346
3460
3462
3463
3465
3466
3467
3468
3469
3470
3472
3473
3474
3476
3478
348
3480
3481
3482
3483
3484
3485
3488
3489
349
3492
3493
3494
3495
3496
3499
35
3500
3503
3504
3505
3506
3507
3508
3509
351
3512
3513
3515
3516
3517
3518
352
3520
3521
3522
3523
3526
3528
3529
353
3530
3531
3533
3535
3536
3537
3538
3539
354
3540
3541
3542
3543
3544
3545
3546
3548
3549
355
3550
3552
3553
3554
3555
3556
3557
3558
3559
356
3560
3561
3562
3565
3568
3569
3570
3571
3572
3573
3576
3577
3579
3580
3581
3582
3583
3585
3586
3591
3592
3593
3595
3596
3597
36
3601
3602
3605
3606
3607
3608
3609
3610
3611
3613
3614
3616
3618
3619
3620
3621
3622
3623
3624
3626
3627
3629
363
3631
3633
3634
3637
3639
3640
3641
3642
3643
3644
3647
3648
3649
3650
3651
3653
3655
3656
3657
3658
3659
366
3661
3662
3664
3665
3666
3669
367
3670
3672
3673
3675
3676
3677
3678
368
3681
3684
3685
3689
369
3690
3691
3692
3695
3697
3698
3699
37
370
3700
3703
3705
3706
3707
3708
371
3710
3711
3712
3713
3715
3717
3718
3719
372
3724
3725
3726
3727
3730
3731
3732
3733
3734
3735
3737
3739
374
3740
3741
3742
3743
3744
3746
3747
3748
3749
3750
3751
3754
3755
3756
3758
3759
3760
3761
3762
3765
3766
3767
3768
3770
3772
3773
3774
3775
3776
3778
3779
378
3781
3782
3783
3784
3785
3786
3788
3789
3790
3791
3792
3793
3794
3795
3796
3797
3798
38
380
3800
3801
3802
3804
3807
3809
381
3810
3811
3812
3813
3815
3816
3817
3819
382
3821
3822
3825
3827
3828
3829
383
3831
3832
3833
3834
3836
3837
3839
384
3840
3841
3843
3844
3845
3847
3848
3849
385
3851
3852
3853
3854
3856
3857
3858
3859
386
3860
3863
3864
3865
3867
3868
387
3871
3872
3874
3875
3878
3879
388
3881
3883
3885
3886
3887
3888
3890
3894
3896
3898
3899
390
3901
3902
3903
3905
3906
3907
3908
3909
391
3910
3911
3913
3914
3915
3916
3917
3919
392
3920
3921
3923
3924
3927
3928
3929
393
3930
3931
3933
3934
3935
3936
3937
3938
3939
3940
3941
3942
3943
3945
3948
3949
395
3950
3953
3954
3957
3958
3959
396
3960
3961
3963
3964
3967
3968
3969
397
3970
3972
3973
3975
3977
3978
3979
398
3982
3983
3984
3985
3986
3988
3989
399
3991
3992
3993
3994
3995
3996
3997
3999
40
400
4000
4001
4002
4003
4004
4005
4007
4008
4009
401
4011
4012
4013
4016
4018
4019
402
4022
4023
4024
4025
4027
4028
4030
4031
4033
4034
4036
4037
4038
404
4040
4041
4042
4043
4044
4048
4049
405
4051
4052
4053
4054
4055
4058
4059
406
4060
4061
4062
4063
4064
4066
4069
4070
4071
4072
4073
4074
4075
4076
4078
4079
408
4083
4084
4087
4089
409
4090
4091
4092
4093
4094
4095
4098
4099
41
410
4101
4103
4104
4105
4106
4108
4109
411
4110
4112
4114
4116
4117
4118
4119
412
4120
4121
4124
4125
4126
4127
4129
413
4131
4132
4134
4136
4137
4139
4140
4141
4142
4144
4145
4149
415
4150
4151
4153
4154
4155
4156
4158
4159
416
4160
4161
4163
4164
4165
4167
417
4171
4173
4174
4176
4177
4178
418
4180
4181
4182
4183
4184
4186
4188
4189
419
4191
4192
4193
4195
4196
4197
4198
42
4200
4201
4202
4203
4204
4205
4207
4209
421
4210
4213
4214
4215
4216
4219
4221
4223
4225
4226
4227
423
4230
4232
4234
4235
4236
4237
4238
4239
4240
4241
4242
4243
4244
4245
4246
4249
425
4250
4251
4252
4254
4255
4256
4257
4258
4259
426
4261
4264
4265
4266
4268
427
4271
4272
4273
4274
4275
4276
4277
4278
4279
428
4281
4283
4284
4285
4286
4287
429
4290
4291
4292
4293
4294
4295
4296
4297
43
430
4302
4304
4305
4306
4307
4308
4309
431
4312
4313
4314
4315
4316
4317
4318
4319
432
4320
4322
4324
4325
4329
433
4331
4332
4334
4335
4337
4339
4340
4342
4343
4344
4345
4347
4348
4349
4350
4353
4354
4355
4356
4357
4358
4359
4360
4361
4362
4363
4365
4368
437
4370
4371
4372
4373
4374
4377
4379
438
4380
4381
4383
4384
4385
4386
4387
4388
4389
439
4390
4391
4392
4393
4394
4395
4396
4398
4399
44
440
4401
4402
4404
4405
4406
4408
4409
441
4411
4412
4413
4415
4419
4420
4423
4424
4426
4428
4429
443
4430
4431
4433
4434
4435
4436
4437
4439
4442
4444
4445
4446
4447
445
4451
4452
4454
4455
4456
4457
4458
446
4460
4461
4465
4466
4468
4469
4470
4472
4473
4474
4475
4477
4478
4479
4480
4481
4482
4483
4484
4485
4486
4487
4488
449
4490
4492
4494
4495
4497
4498
45
450
4500
4501
4502
4503
4504
4506
4507
4509
451
4510
4512
4513
4514
4515
4516
4517
4518
4519
4520
4521
4522
4523
4525
4526
4528
4530
4531
4534
4535
4536
4538
4539
454
4540
4541
4542
4544
4545
4547
4548
4550
4552
4553
4555
4557
4558
456
4560
4561
4562
4563
4564
4565
4566
4567
4569
457
4570
4571
4572
4573
4575
4578
4579
4580
4582
4583
4585
4586
4587
4588
4589
459
4590
4591
4593
4594
4595
4596
4597
4598
4599
460
4600
4601
4602
4603
4604
4605
4607
4608
461
4610
4611
4612
4613
4614
4615
4617
4618
4619
4620
4622
4623
4624
4627
4628
4629
463
4630
4631
4632
4633
4635
4636
4637
4638
464
4640
4642
4644
4645
4646
4647
4648
465
4650
4651
4652
4655
4657
4659
4660
4662
4664
4665
4666
4667
4668
4670
4671
4673
4674
4675
4677
4679
4681
4682
4683
4684
4685
4688
4689
469
4690
4691
4694
4695
4696
4697
4699
47
470
4700
4701
4702
4703
4704
4706
4707
4708
4709
4711
4714
4715
4716
4717
4721
4722
4723
4724
4727
473
4732
4734
4735
4737
4739
4740
4741
4742
4743
4745
4746
4748
4751
4752
4753
4754
4758
4759
476
4760
4761
4762
4764
4766
4768
4769
477
4770
4774
4775
4777
4778
478
4780
4781
4782
4783
4784
4785
4786
4787
4788
4789
479
4790
4794
4795
4796
4797
4798
4799
48
4800
4801
4802
4803
4804
4805
4806
4807
4808
4809
481
4812
4813
4814
4815
4816
4818
4819
482
4822
4824
4826
483
4833
4838
484
4840
4842
4843
4844
4846
4847
4848
4849
485
4852
4853
4856
4857
4858
4859
486
4862
4863
4864
4865
4867
4868
487
4871
4873
4874
4875
4876
4877
4878
4879
488
4880
4881
4882
4883
4884
4886
4887
4888
4889
489
4890
4893
4894
4897
4898
4899
49
490
4900
4901
4902
4903
4904
4905
4906
4907
4908
4909
491
4910
4911
4913
4914
4916
4917
4918
492
4921
4922
4927
4928
4929
493
4930
4931
4934
4935
4938
4939
494
4940
4941
4942
4943
4946
4947
4948
495
4950
4951
4952
4953
4955
4956
4957
4959
496
4960
4963
4964
4965
4966
4967
4968
4969
497
4971
4972
4975
4979
4980
4982
4984
4985
4986
4987
4989
499
4990
4991
4992
4993
4994
4995
4996
4998
5
50
502
503
505
506
507
509
51
510
511
512
514
516
517
518
519
52
520
521
522
523
525
526
527
529
53
534
535
536
537
538
540
541
544
545
546
548
549
55
550
551
552
553
554
555
556
557
559
560
561
563
564
567
568
57
570
571
572
576
579
582
583
584
585
587
589
59
592
593
594
599
60
601
602
604
605
606
607
61
610
611
612
613
614
615
616
617
618
619
62
620
621
622
624
625
626
627
628
63
633
634
635
64
640
641
642
643
644
646
647
648
65
650
651
653
656
657
658
659
661
663
668
670
671
672
675
676
677
68
683
684
687
688
689
692
693
695
697
699
7
700
702
703
704
705
706
707
708
709
71
715
718
72
721
722
724
725
727
728
729
73
731
732
733
734
736
737
739
74
740
741
743
746
747
748
749
75
750
751
752
753
755
756
757
758
759
76
760
762
764
765
767
768
769
77
770
771
773
774
775
777
778
78
780
781
783
787
788
789
79
790
791
792
794
795
797
799
8
80
800
801
802
803
804
805
806
807
809
81
810
813
814
815
817
818
819
820
823
824
827
828
829
83
830
831
832
833
834
835
836
837
839
84
840
841
842
843
844
846
847
848
849
85
851
853
854
856
858
859
86
860
861
864
865
866
867
868
869
87
870
871
872
873
874
875
876
878
88
880
881
882
883
884
886
887
888
889
89
890
891
892
895
896
897
898
899
9
90
900
901
902
903
904
906
907
913
915
916
917
919
92
920
922
923
924
928
929
93
930
932
933
934
94
942
943
944
946
949
95
950
951
952
953
954
955
957
963
965
967
968
97
970
972
973
974
976
978
979
983
985
986
987
988
989
991
992
994
995
996
997
999